0.7598
0.7598
0.7598
0.7598
0.7598
0.7598
0.7598
0.7598
0.7598
0.7598
0.7599
0.7596
0.7594
0.7589
0.7586
0.7583
0.7577
0.7574
0.7566
0.7562
0.7553
0.7548
0.7543
0.7532
0.7525
0.7519
0.7504
0.7496
0.7479
0.747
0.746
0.7439
0.7428
0.7403
0.739
0.7376
0.7346
0.733
0.7313
0.7276
0.7236
0.7214
0.7192
0.7168
0.7118
0.7091
0.7063
0.7003
0.6937
0.6902
0.6867
0.683
0.6751
0.671
0.6623
0.6578
0.6483
0.6434
0.6384
0.6276
0.6221
0.6109
0.606
0.6021
0.599
0.6012
0.5879
0.5838
0.5785
0.5768
0.5755
0.5733
0.5721
0.5694
0.5678
0.5659
0.5616
0.5591
0.5537
0.5506
0.5475
0.5405
0.5367
0.5286
0.5243
0.5198
0.5103
0.5052
0.5
0.4889
0.4831
0.4713
0.4651
0.4589
0.4459
0.4391
0.4323
0.4182
0.4109
0.3964
0.389
0.3742
0.3667
0.3518
0.3365
0.3288
0.3138
0.3063
0.2989
0.284
0.269
0.2616
0.2543
0.2399
0.2255
0.2185
0.2052
0.1987
0.1864
0.1804
0.1692
0.1638
0.1587
0.1487
0.1438
0.1348
0.1305
0.1227
0.119
0.1124
0.1093
0.1038
0.1013
0.0968
0.0948
0.0914
0.0899
0.0894
0.0917
0.0957
0.1081
0.1168
0.1381
0.1497
0.1716
0.182
0.2009
0.2181
0.2259
0.2398
0.246
0.2532
0.2415
0.2349
0.2214
0.2144
0.2006
0.1936
0.1799
0.1662
0.1595
0.153
0.1403
0.1341
0.1224
0.1168
0.1065
0.0971
0.0927
0.0849
0.0813
0.075
0.0722
0.0675
0.0637
0.0622
0.0599
0.059
0.058
0.0585
0.0671
0.0773
0.0898
0.1017
0.129
0.1556
0.168
0.1908
0.2013
0.2203
0.2288
0.2439
0.2506
0.2618
0.2708
0.2743
0.2795
0.2813
0.2832
0.2834
0.2823
0.2795
0.2774
0.2723
0.2659
0.2622
0.2542
0.2499
0.2408
0.236
0.2264
0.2163
0.2112
0.2012
0.1962
0.1863
0.1815
0.1721
0.1676
0.159
0.1548
0.1471
0.1401
0.1388
0.1436
0.1491
0.1666
0.1896
0.2007
0.2112
0.231
0.2492
0.2574
0.2717
0.2838
0.289
0.2975
0.3008
0.3056
0.3072
0.3086
0.3086
0.307
0.3036
0.3012
0.2955
0.292
0.2843
0.2801
0.271
0.2661
0.256
0.2452
0.2398
0.2288
0.2233
0.1914
0.1812
0.1713
0.162
0.1535
0.1496
0.1423
0.1388
0.1355
0.143
0.1469
0.1628
0.1845
0.1953
0.2149
0.2327
0.2407
0.2549
0.2612
0.272
0.2765
0.2837
0.2887
0.2904
0.2922
0.2921
0.2913
0.2885
0.2865
0.2814
0.2784
0.2714
0.2676
0.2592
0.2501
0.2452
0.2354
0.2251
0.2198
0.2094
0.1989
0.1885
0.1835
0.1737
0.169
0.16
0.1513
0.1433
0.1358
0.2196
0.2685
0.3126
0.3323
0.3676
0.3835
0.4111
0.4232
0.443
0.4582
0.464
0.4719
0.4742
0.4756
0.4731
0.4705
0.4628
0.4519
0.4455
0.4309
0.4228
0.4055
0.3962
0.377
0.3567
0.3463
0.3254
0.3041
0.2935
0.273
0.2628
0.2433
0.2337
0.2157
0.1984
0.1905
0.1803
0.177
0.1783
0.1851
0.1887
0.1955
0.2019
0.2076
0.2101
0.2125
0.2166
0.2184
0.2213
0.2234
0.224
0.2247
0.2245
0.2241
0.2227
0.2217
0.2192
0.2177
0.2142
0.2102
0.2079
0.2032
0.1981
0.1954
0.1899
0.187
0.1813
0.1754
0.1725
0.1667
0.1609
0.1589
0.1886
0.1927
0.2077
0.2242
0.2604
0.2778
0.309
0.3366
0.3487
0.3691
0.3777
0.3915
0.4015
0.405
0.4091
0.4098
0.4088
0.4071
0.4015
0.3933
0.3883
0.3769
0.3636
0.3485
0.3405
0.324
0.3154
0.2982
0.2895
0.2722
0.2548
0.2463
0.2299
0.2218
0.2065
0.1992
0.1854
0.1788
0.1667
0.1611
0.1507
0.1413
0.1371
0.1295
0.126
0.12
0.1173
0.1128
0.1109
0.1078
0.1066
0.1048
0.1041
0.1118
0.1327
0.1588
0.1605
0.2187
0.2488
0.3034
0.3286
0.373
0.4117
0.4285
0.4568
0.4688
0.4878
0.4952
0.5054
0.5086
0.5109
0.5085
0.5057
0.4971
0.4914
0.4779
0.47
0.4526
0.4431
0.4228
0.412
0.39
0.3668
0.3551
0.3331
0.3261
0.4814
0.4937
0.5098
0.5154
0.5236
0.5264
0.5294
0.5297
0.5281
0.5237
0.5205
0.5168
0.5074
0.5018
0.4893
0.4824
0.4675
0.4595
0.4482
0.4647
0.4722
0.494
0.5133
0.5345
0.5756
0.5943
0.6257
0.6391
0.6604
0.6689
0.6809
0.6848
0.6881
0.6878
0.6833
0.6742
0.668
0.653
0.6441
0.6243
0.6133
0.5899
0.5773
0.5515
0.5381
0.5108
0.4968
0.4688
0.4547
0.4408
0.4126
0.384
0.37
0.3564
0.3293
0.3026
0.2897
0.2774
0.2533
0.2417
0.2201
0.2099
0.2002
0.1819
0.1733
0.1577
0.1505
0.1438
0.1316
0.1207
0.1159
0.1116
0.1038
0.1004
0.0948
0.0934
0.1278
0.1833
0.1379
0.1654
0.1943
0.2223
0.2755
0.3006
0.3452
0.3653
0.3837
0.4168
0.4315
0.456
0.4751
0.4826
0.4888
0.4977
0.5021
0.5026
0.5021
0.4981
0.4948
0.4857
0.4734
0.4711
0.4973
0.5233
0.5855
0.615
0.6417
0.6898
0.711
0.7455
0.7594
0.771
0.7889
0.7951
0.8018
0.8025
0.8015
0.795
0.7895
0.7828
0.7656
0.7551
0.7316
0.7184
0.7047
0.6747
0.6586
0.6423
0.6081
0.5902
0.5547
0.5368
0.5191
0.4833
0.4652
0.4418
0.4535
0.4618
0.5259
0.5593
0.6191
0.6461
0.6705
0.7139
0.733
0.7498
0.7779
0.7894
0.806
0.8115
0.8151
0.8176
0.8165
0.8138
0.8043
0.7975
0.7805
0.7703
0.7592
0.734
0.7249
0.7316
0.7444
0.761
0.7781
0.8073
0.8194
0.8372
0.8477
0.8517
0.8512
0.8492
0.5253
0.4954
0.4671
0.4107
0.3826
0.3557
0.304
0.2788
0.2318
0.2093
0.1882
0.1478
0.1284
0.1105
0.0979
0.123
0.1375
0.1822
0.2911
0.3442
0.4414
0.4866
0.5282
0.5677
0.6408
0.6741
0.7044
0.7587
0.7829
0.8041
0.8405
0.8557
0.8787
0.8871
0.8933
0.9003
0.9012
0.8979
0.8938
0.8813
0.8729
0.8634
0.8528
0.828
0.8148
0.8065
0.8096
0.8216
0.8333
0.8521
0.8592
0.8644
0.8682
0.8716
0.8712
0.8664
0.8563
0.8494
0.8415
0.8226
0.8116
0.7999
0.7873
0.7597
0.7448
0.7295
0.6972
0.6641
0.6768
0.7088
0.8256
0.9027
0.9368
0.9954
1.0208
1.0621
1.079
1.1043
1.1134
1.1198
1.1265
1.1268
1.1214
1.1159
1.0998
1.0893
1.0775
1.0644
1.0338
1.0166
0.9801
0.9605
0.9405
0.9196
0.8756
0.8524
0.8066
0.7833
0.7603
0.7369
0.6896
0.6657
0.6424
0.5958
0.5724
0.5499
0.5054
0.4892
0.4829
0.5023
0.527
0.5618
0.6293
0.6609
0.6897
0.7168
0.7657
0.7875
0.8233
0.838
0.8504
0.8699
0.877
0.8822
0.8877
0.888
0.8838
0.8794
0.8736
0.8582
0.8485
0.8379
0.8133
0.7994
0.785
0.7535
0.7366
0.7195
0.6836
0.6454
0.6257
0.5868
0.5684
0.5546
0.5432
0.5478
0.5569
0.5608
0.566
0.5675
0.5682
0.5677
0.5664
0.5618
0.5586
0.5504
0.5454
0.5399
0.5275
0.5205
0.5131
0.4971
0.4884
0.4796
0.4705
0.4751
0.4825
0.5206
0.5472
0.5729
0.62
0.6413
0.6601
0.693
0.7071
0.7292
0.7376
0.7442
0.7529
0.755
0.4742
0.4131
0.3834
0.3548
0.3264
0.2711
0.2447
0.2195
0.1706
0.1469
0.1245
0.0817
0.0613
0.0236
-0.0109
-0.0268
-0.0549
-0.0765
-0.0898
-0.0822
-0.0486
-0.0287
-0.0095
0.0286
0.0474
0.0654
0.1004
0.1174
0.1335
0.1643
0.1789
0.1925
0.2056
0.23
0.2413
0.2516
0.2705
0.2789
0.2865
0.2996
0.3052
0.31
0.3177
0.3206
0.3229
0.3256
0.3261
0.3261
0.3245
0.3229
0.321
0.3186
0.3126
0.309
0.3104
0.3269
0.3384
0.3523
0.3689
0.3859
0.4171
0.4312
0.4437
0.4657
0.4751
0.4832
0.4964
0.5014
0.508
0.5097
0.5105
0.5103
0.5073
0.5046
0.5011
0.4968
0.4863
0.4799
0.4732
0.458
0.4497
0.4411
0.4322
0.4132
0.3713
0.3497
0.3388
0.3175
0.3069
0.2968
0.2766
0.2666
0.257
0.2381
0.2289
0.2201
0.2032
0.195
0.1873
0.1799
0.1658
0.1592
0.1529
0.1412
0.1357
0.1307
0.1226
0.127
0.1786
0.1627
0.1651
0.1761
0.1896
0.2038
0.2175
0.2429
0.2547
0.2654
0.2849
0.2936
0.3013
0.3083
0.3203
0.3252
0.3294
0.3328
0.3377
0.3392
0.34
0.3399
0.3375
0.3355
0.333
0.3267
0.3229
0.3188
0.3144
0.3045
0.2991
0.2936
0.2879
0.2759
0.2697
0.2634
0.2571
0.2442
0.2377
0.2313
0.2186
0.2122
0.206
0.1877
0.1818
0.1704
0.1596
0.1544
0.1495
0.1401
0.1356
0.1314
0.1274
0.12
0.1165
0.1133
0.1074
0.1048
0.1024
0.1002
0.0963
0.0946
0.0932
0.0907
0.0897
0.089
0.0883
0.0874
0.0872
0.0871
0.0871
0.0875
0.0878
0.0882
0.0887
0.0899
0.0906
0.5555
0.5912
0.6252
0.6891
0.7184
0.745
0.7693
0.8113
0.8296
0.8452
0.871
0.8812
0.8892
0.8954
0.9028
0.904
0.9014
0.8925
0.8858
0.8779
0.8583
0.8467
0.8342
0.8061
0.7906
0.7747
0.7406
0.7224
0.6857
0.6667
0.6476
0.6085
0.5884
0.5687
0.529
0.509
0.4896
0.4511
0.4319
0.4134
0.3769
0.3589
0.3252
0.309
0.2936
0.2639
0.2497
0.2363
0.2109
0.1989
0.1877
0.1667
0.1569
0.1395
0.1317
0.1246
0.1117
0.1059
0.1007
0.0916
0.0877
0.0813
0.0788
0.0766
0.0734
0.0722
0.0709
0.0707
0.071
0.0716
0.0723
0.0744
0.0757
0.0771
0.0803
0.0821
0.0857
0.0877
0.0896
0.0937
0.0957
0.0978
0.1019
0.1039
0.1077
0.1096
0.1114
0.1148
0.1164
0.1193
0.1207
0.1232
0.1243
0.1253
0.1271
0.1279
0.1292
0.1297
0.1301
0.1308
0.1311
0.1313
0.1313
0.1312
0.1311
0.1309
0.1303
0.13
0.1292
0.1287
0.1283
0.1272
0.1267
0.1255
0.1249
0.1244
0.1232
0.1225
0.1202
0.1196
0.1185
0.118
0.1171
0.1166
0.1162
0.1154
0.115
0.1143
0.114
0.1134
0.1131
0.1126
0.1124
0.1123
0.1119
0.1118
0.1116
0.1115
0.1114
0.1113
0.1113
0.1113
0.1113
0.1113
0.1114
0.1114
0.1115
0.1115
0.1116
0.1117
0.1119
0.1119
0.1121
0.1121
0.1123
0.1123
0.1125
0.1125
0.1126
0.1127
0.1128
0.1128
0.1129
0.1129
0.113
0.113
0.1131
0.1131
0.1131
0.1131
0.1131
0.1131
0.1131
0.1131
0.113
0.113
0.1129
0.113
0.113
0.113
0.1131
0.1131
0.1131
0.1131
0.114
0.1173
0.1422
0.168
0.2479
0.3013
0.4316
0.5928
0.6844
0.4713
0.2484
-0.0375
-0.0544
-0.0945
-0.1335
-0.152
-0.186
-0.2175
-0.2321
-0.2584
-0.2705
-0.2918
-0.31
-0.3178
-0.3303
-0.3354
-0.3425
-0.3449
-0.3469
-0.3456
-0.3438
-0.338
-0.3294
-0.324
-0.3117
-0.3046
-0.2891
-0.2716
-0.2623
-0.2429
-0.2326
-0.2118
-0.1899
-0.1788
-0.1565
-0.1453
-0.123
-0.1006
-0.0895
-0.0681
-0.0576
-0.0374
-0.0276
-0.008
0.0116
0.0204
0.0364
0.0441
0.0582
0.0648
0.0771
0.0829
0.0935
0.103
0.1074
0.1153
0.1189
0.1253
0.1282
0.1332
0.1354
0.1428
0.1539
0.212
0.196
0.2142
0.2609
0.2836
0.3242
0.3427
0.3748
0.3889
0.4128
0.4229
0.4389
0.4452
0.4541
0.457
0.4594
0.4592
0.456
0.4531
0.4451
0.4401
0.4282
0.4214
0.4066
0.3984
0.3813
0.3722
0.3538
0.3442
0.3252
0.3155
0.2965
0.2776
0.2683
0.2504
0.2416
0.2252
0.2247
0.2321
0.2631
0.3071
0.3486
0.3858
0.4027
0.4323
0.4574
0.468
0.4853
0.4923
0.5025
0.5084
0.5097
0.5093
0.5077
0.5019
0.4977
0.4872
0.4809
0.4667
0.4502
0.4412
0.432
0.4122
0.4018
0.3807
0.3587
0.3475
0.3255
0.3032
0.2922
0.2814
0.2602
0.2497
0.2329
0.2373
0.2504
0.2794
0.3365
0.6698
0.6836
0.6865
0.7376
0.7863
0.8997
0.9523
1.0443
1.0849
1.1535
1.1822
1.2281
1.2462
1.273
1.2824
1.2928
1.2944
1.2904
1.2852
1.2688
1.2577
1.2308
1.2149
1.1796
1.1599
1.1179
1.0953
1.0481
1.0232
0.9834
0.9895
1.0264
1.0672
1.1418
1.1755
1.2325
1.2567
1.2956
1.3242
1.3343
1.3467
1.3473
1.3429
1.3277
1.3046
1.2908
1.3558
1.3654
1.4854
1.5561
1.6824
1.7386
1.8335
1.9088
1.939
1.986
2.0035
2.0274
2.0388
2.0399
2.0337
2.0169
1.99
1.909
1.7601
1.6468
1.5818
1.5657
1.6
1.6375
1.6663
1.6767
1.6894
1.6927
1.691
1.6811
1.6731
1.653
1.6407
1.611
1.5935
1.5541
1.5082
1.4832
1.4306
1.3732
1.353
1.3439
1.374
1.4156
1.4334
1.4708
1.4842
1.488
1.4864
1.4771
1.4599
1.4353
1.4205
1.3867
1.3676
1.3259
1.2788
1.2537
1.2015
1.1454
1.1164
1.0584
1.0288
0.9709
0.9525
0.9517
0.9954
1.024
1.0747
1.097
1.1341
1.1494
1.1726
1.1877
1.192
1.1949
1.1935
1.1853
1.1787
1.1607
1.1494
1.1231
1.1079
1.0747
1.0565
1.0181
0.976
0.954
0.9094
0.8863
0.843
0.8246
0.7959
0.7831
0.7572
0.7437
0.7161
0.7018
0.6732
0.6586
0.6296
0.6149
0.586
0.5715
0.5571
0.2864
0.2935
0.3751
0.3207
0.3231
0.3578
0.3793
0.4192
0.4376
0.4704
0.4851
0.4984
0.5222
0.5419
0.55
0.5569
0.5676
0.5715
0.576
0.5768
0.5766
0.5735
0.5707
0.5671
0.5576
0.5517
0.5383
0.5307
0.5227
0.5051
0.4955
0.4858
0.465
0.4541
0.4431
0.4204
0.4087
0.3972
0.3737
0.3618
0.3503
0.3272
0.3156
0.3044
0.2825
0.2717
0.2613
0.2411
0.2312
0.2218
0.2126
0.195
0.1866
0.1786
0.1636
0.1565
0.1498
0.1374
0.1316
0.1262
0.1164
0.1119
0.1078
0.1004
0.0972
0.0942
0.0892
0.087
0.0851
0.0835
0.0809
0.0799
0.0792
0.0782
0.078
0.078
0.0781
0.0788
0.0794
0.0808
0.0816
0.0826
0.0836
0.0858
0.0871
0.0883
-0.0936
-0.1009
-0.1166
-0.127
-0.1231
0.1284
0.1373
0.1527
0.159
0.1648
0.1756
0.1805
0.1851
0.1936
0.1975
0.2011
0.2075
0.2103
0.2128
0.2169
0.2186
0.22
0.222
0.2226
0.223
0.223
0.2227
0.2221
0.2204
0.2192
0.2179
0.2164
0.213
0.211
0.2089
0.2067
0.202
0.1994
0.1969
0.1942
0.1887
0.1859
0.1831
0.1803
0.1745
0.1716
0.1687
0.1659
0.1603
0.1575
0.1548
0.1521
0.1469
0.1443
0.1419
0.1395
0.135
0.1328
0.1307
0.1287
0.1249
0.1231
0.1215
0.1199
0.1184
0.1156
0.1143
0.1131
0.111
0.11
0.1091
0.1082
-0.1081
-0.1593
-0.2313
0.0669
0.0324
-0.0392
-0.0729
-0.1036
-0.1325
-0.1851
-0.2091
-0.231
-0.2515
-0.2886
-0.3052
-0.3197
-0.333
-0.3557
-0.365
-0.3728
-0.3793
-0.3846
-0.3917
-0.3935
-0.3942
-0.3937
-0.3899
-0.3829
-0.3877
-0.4119
-0.4556
-0.5544
-0.9748
-0.962
-0.944
-0.9242
-0.8799
-0.8559
-0.8316
-0.8067
-0.7806
-0.7259
-0.6973
-0.6689
-0.6106
-0.5881
-0.5982
-0.6207
-0.7301
-0.7863
-0.8388
-0.888
-0.9772
-1.0166
-1.0515
-1.0829
-1.1379
-1.1615
-1.1816
-1.2161
-1.2304
-1.2414
-1.2499
-1.256
-1.2608
-1.2596
-1.2562
-1.2434
-1.2554
-1.305
-1.3148
-1.3591
-1.4859
-1.5464
-1.6016
-1.6525
-1.7414
-1.7791
-1.8114
-1.8642
-1.8854
-1.9024
-1.9164
-1.9349
-1.9396
-1.9412
-1.94
-1.9296
-1.9204
-1.9088
-1.8785
-1.8599
-1.8394
-1.7925
-1.766
-1.7518
-1.7621
-1.7673
-1.8199
-1.8569
-1.8899
-1.9455
-1.968
-1.9862
-2.0128
-2.0213
-2.0279
-2.0265
-2.0149
-2.0048
-1.9772
-1.9596
-1.918
-1.8387
-1.808
-1.743
-1.7081
-1.6353
-1.5967
-1.5184
-1.4778
-1.3963
-1.3544
-1.284
-1.2604
-1.2324
-1.2242
-1.2052
-1.1938
-1.1677
-1.1529
-1.1371
-1.1022
-1.0627
-1.0419
-1.0205
-0.975
-0.951
-0.9267
-0.8761
-0.8226
-0.7956
-0.7687
-0.7135
-0.6853
-0.6575
-0.6017
-0.5817
-0.5691
-0.5735
-0.5813
-0.584
-0.5865
-0.5864
-0.5832
-0.5803
-0.5719
-0.5664
-0.5532
-0.5454
-0.5279
-0.5181
-0.497
-0.4855
-0.4613
-0.4349
-0.4067
-0.3836
-0.3721
-0.3689
-0.3677
-0.3649
-0.3626
-0.356
-0.3518
-0.3417
-0.3358
-0.3227
-0.3154
-0.2997
-0.2912
-0.2735
-0.2641
-0.2448
-0.2347
-0.2142
-0.2037
-0.1828
-0.1722
-0.1512
-0.1406
-0.12
-0.1097
-0.0897
-0.0698
-0.0601
-0.0415
-0.0324
-0.0152
-0.0068
0.009
0.0166
0.0308
0.0376
0.0501
0.056
0.0616
0.0927
0.0922
0.0911
0.0887
0.0874
0.0849
0.0837
0.0814
0.0803
0.0783
0.076
0.0754
0.075
0.0743
0.074
0.074
0.0743
0.0746
0.0755
0.0761
0.0775
0.0784
0.0803
0.0813
0.0837
0.0914
-0.127
0.1341
0.1397
0.17
0.1864
0.2163
0.23
0.254
0.2649
0.2837
0.2919
0.3058
0.3117
0.321
0.3247
0.3299
0.3315
0.3329
0.3328
0.3321
0.3292
0.3271
0.3215
0.3181
0.3105
0.3061
0.3016
0.2917
0.2864
0.2754
0.2697
0.2581
0.2522
0.2464
0.2344
0.2284
0.2167
0.2109
0.2054
0.1944
0.1889
0.1837
0.1735
0.1686
0.1639
0.1548
0.1504
0.1423
0.1385
0.135
0.1283
0.1252
0.1223
0.1169
0.1145
0.1102
0.1083
0.1066
0.1036
0.1023
0.1002
0.0994
0.0987
0.0978
0.1003
0.1459
0.2028
0.1751
0.2124
0.2546
0.2954
0.3725
0.4086
0.4418
0.5029
0.5308
0.5558
0.6003
0.6198
0.6514
0.6641
0.6746
0.6904
0.6957
0.7009
0.701
0.6966
0.6923
0.6798
0.6718
0.6529
0.6419
0.618
0.6049
0.5914
0.584
0.5924
0.6157
0.6854
0.7245
0.7605
0.8256
0.8547
0.9028
0.9227
0.9397
0.9667
0.9769
0.9899
0.993
0.9939
0.9899
0.9851
0.9704
0.9606
0.9494
0.9229
0.9076
0.8914
0.8559
0.8365
0.7965
0.7755
0.7329
0.7109
0.6673
0.6452
0.6235
0.5796
0.5574
0.5146
0.4935
0.4732
0.4329
0.4131
0.4107
0.4535
0.5736
0.6649
0.882
0.9947
1.1034
1.3049
1.3975
1.4842
1.6413
1.7119
1.8342
1.8873
1.8512
1.8092
1.7248
1.6827
1.6
1.5597
1.4806
1.4405
1.4008
1.3193
1.2775
1.1955
1.1543
1.0737
1.0334
0.9548
0.9156
0.8397
0.802
0.7652
0.6921
0.6557
0.5859
0.5517
0.5182
0.4522
0.4198
0.3591
0.33
0.3022
0.2484
0.2223
0.1743
0.1517
0.1303
0.0964
0.099
0.1542
0.2058
0.271
0.4352
0.5332
0.6322
0.8217
0.912
1.0787
1.1564
1.229
1.362
1.4245
1.4815
1.5844
1.6315
1.7131
1.7491
1.7815
1.8383
1.8628
1.9019
1.9173
1.9398
1.9473
1.9521
1.9552
1.9535
1.9436
1.9354
1.9137
1.9
1.8848
1.8492
1.8066
1.7833
1.7335
1.7066
1.6506
1.6209
1.5597
1.5276
1.4628
1.4293
1.3622
1.3278
1.2594
1.2246
1.1554
1.1204
1.0521
1.018
0.9514
0.9183
0.8546
0.8232
0.7631
0.7337
0.6868
0.6726
0.68
0.6843
0.7093
0.771
0.8004
0.8525
0.8759
0.916
0.9493
0.9631
0.9751
0.9945
1.0019
1.0115
1.0139
1.014
1.0118
1.0032
0.9968
0.9806
0.9706
0.9478
0.9207
0.9059
0.8743
0.8573
0.822
0.8034
0.7656
0.7461
0.7406
0.7433
0.7877
0.8204
0.8911
0.924
0.9807
1.0054
1.0458
1.0622
1.087
1.0959
1.1024
1.1094
1.1099
1.1085
1.1004
1.0936
1.0756
1.0643
1.0381
1.0231
0.9904
0.9725
0.9349
0.9149
0.8946
0.8519
0.8295
0.7851
0.7625
0.7177
0.6951
0.6729
0.6281
0.6055
0.5617
0.5402
0.4989
0.4589
0.4202
0.4016
0.3666
0.3498
1.0093
1.1472
1.2142
1.3396
1.3976
1.5016
1.548
1.6269
1.6606
1.7149
1.7367
1.7547
1.7828
1.7931
1.8048
1.8067
1.8029
1.7973
1.7797
1.7676
1.7379
1.7201
1.68
1.6329
1.6073
1.5527
1.5234
1.4626
1.3972
1.3634
1.2957
1.2611
1.1919
1.1568
1.0872
1.0166
0.9815
0.9132
0.8793
0.814
0.7819
0.7208
0.6615
0.6376
0.6214
0.6092
0.617
0.6469
0.703
0.731
0.781
0.8037
0.8429
0.86
0.8881
0.9097
0.9179
0.9292
0.9325
0.9344
0.9333
0.9267
0.9149
0.9071
0.8885
0.8775
0.8531
0.8395
0.8104
0.7948
0.7623
0.7452
0.7103
0.6922
0.656
0.6187
0.6
0.5629
0.5443
0.5079
0.4898
0.4551
0.4381
0.4056
0.3898
0.3599
0.3454
0.3182
0.3051
0.2809
0.2722
0.283
0.2853
0.3275
0.3566
0.4108
0.4362
0.4819
0.5025
0.5387
0.5546
0.5813
0.5926
0.6101
0.6167
0.6255
0.6279
0.6289
0.6276
0.6252
0.6172
0.6117
0.5983
0.5813
0.5718
0.5513
0.5401
0.5295
0.5365
0.5514
0.5902
0.6081
0.638
0.6506
0.6705
0.6782
0.6843
0.6926
0.6948
0.6951
0.6935
0.6906
0.6817
0.6756
0.6608
0.6521
0.6427
0.6216
0.61
0.5854
0.5723
0.5603
0.5505
0.5536
0.5612
0.5641
0.567
0.5673
0.5653
0.5632
0.5568
0.5526
0.5477
0.5362
0.5294
0.5148
0.5068
0.4898
0.4807
0.462
0.4521
0.4422
0.4308
0.4339
0.4542
0.4693
0.5327
0.5228
0.5105
0.4835
0.469
0.4396
0.4244
0.4093
0.3784
0.3626
0.3471
0.316
0.3005
0.2709
0.2565
0.2427
0.2157
0.2026
0.1783
0.1686
0.1676
0.1673
0.179
0.2029
0.2147
0.2362
0.2462
0.2555
0.2729
0.2809
0.2881
0.3012
0.3069
0.312
0.3205
0.3269
0.3292
0.3325
0.3325
0.3308
0.3293
0.3303
0.3514
0.3661
0.3839
0.4185
0.4343
0.4485
0.4734
0.4843
0.5014
0.508
0.5134
0.5207
0.5228
0.5237
0.5226
0.5205
0.5138
0.5091
0.5037
0.4908
0.4833
0.4669
0.458
0.4488
0.4291
0.4186
0.3975
0.3866
0.3652
0.3544
0.3437
0.3224
0.3116
0.3012
0.2805
0.2702
0.2604
0.2411
0.2316
0.2245
0.2251
0.2312
0.2407
0.2501
0.259
0.2759
0.2838
0.2975
0.3036
0.3136
0.3178
0.3214
0.327
0.3291
0.3306
0.3321
0.3321
0.3316
0.3293
0.3275
0.3228
0.3199
0.3135
0.3303
0.3384
0.3419
0.3525
0.3634
0.383
0.3916
0.3991
0.4116
0.4166
0.4207
0.4263
0.428
0.4289
0.4284
0.427
0.4224
0.4191
0.4153
0.406
0.4005
0.3885
0.382
0.3751
0.3604
0.3526
0.3365
0.3282
0.3117
0.3034
0.287
0.2788
0.2707
0.2547
0.2467
0.2314
0.224
0.21
0.2032
0.1968
0.1845
0.1785
0.1677
0.1626
0.1578
0.1489
0.1447
0.1409
0.1337
0.1304
0.1249
0.1267
0.1427
0.1392
0.1482
0.1633
0.1926
0.2068
0.2324
0.2441
0.2549
0.2747
0.2836
0.2986
0.305
0.3105
0.3194
0.3229
0.3256
0.3292
0.33
0.3303
0.329
0.3357
0.3387
0.3431
0.3445
0.3453
0.3454
0.3447
0.3419
0.3398
0.3373
0.3311
0.3275
0.3235
0.3147
0.3098
0.2996
0.2942
0.2887
0.2772
0.2712
0.2594
0.2534
0.2474
0.2354
0.2294
0.2176
0.2118
0.2008
0.1955
0.1904
0.1806
0.1758
0.1712
0.1624
0.1582
0.1547
0.1569
0.1592
0.1717
0.1792
0.1931
0.1997
0.2114
0.2167
0.2216
0.2303
0.2342
0.2404
0.2429
0.2467
0.248
0.2489
0.2497
0.2496
0.2483
0.2472
0.2458
0.2423
0.2401
0.2352
0.2324
0.2264
0.2232
0.22
0.213
0.2093
0.202
0.1983
0.1945
0.187
0.1832
0.1758
0.1722
0.1712
0.1876
0.1961
0.239
0.2599
0.2794
0.3157
0.3324
0.3615
0.3742
0.3856
0.4052
0.4134
0.4205
0.4316
0.4357
0.4407
0.4417
0.4419
0.4396
0.4372
0.4303
0.4258
0.4207
0.4074
0.3976
0.3677
0.3518
0.3361
0.3046
0.2889
0.2736
0.2433
0.2285
0.2006
0.1872
0.1626
0.1509
0.14
0.1195
0.1008
0.0771
0.0586
0.049
0.0451
0.0389
0.0366
0.0348
0.0323
0.0317
0.0315
0.032
0.0344
0.057
0.0808
0.0811
0.1138
0.132
0.166
0.1978
0.2126
0.2262
0.2516
0.2633
0.2835
0.2924
0.3072
0.3133
0.3229
0.3265
0.3313
0.3326
0.333
0.3322
0.3289
0.3263
0.3198
