0.7598
0.7598
0.7598
0.7598
0.7599
0.7597
0.7596
0.7592
0.759
0.7587
0.7582
0.7578
0.7571
0.7567
0.7563
0.7553
0.7548
0.7543
0.753
0.7524
0.7517
0.7501
0.7492
0.7463
0.7441
0.7125
0.7067
0.704
0.6981
0.6915
0.688
0.6009
0.5959
0.5939
0.5967
0.5879
0.5844
0.5818
0.5784
0.5773
0.5758
0.5751
0.5733
0.5721
0.569
0.5671
0.5651
0.5604
0.5578
0.5549
0.5486
0.5451
0.5377
0.5337
0.5295
0.5206
0.5158
0.5108
0.5002
0.4946
0.4832
0.4771
0.4647
0.4583
0.4518
0.4381
0.4311
0.4169
0.4096
0.4023
0.3873
0.3796
0.3643
0.3566
0.3412
0.3335
0.3182
0.3106
0.2957
0.2882
0.2737
0.2666
0.2595
0.2455
0.2385
0.2252
0.2187
0.2062
0.2002
0.1888
0.1832
0.1728
0.1678
0.1586
0.1541
0.15
0.1421
0.1383
0.1315
0.1284
0.1227
0.1202
0.1157
0.1138
0.112
0.1123
0.1157
0.1288
0.1385
0.1632
0.1765
0.201
0.2125
0.2332
0.2425
0.2587
0.2658
0.2773
0.2819
0.2887
0.2909
0.2924
0.2932
0.2927
0.2896
0.2872
0.2806
0.2766
0.2672
0.2619
0.2563
0.2442
0.2376
0.2242
0.2174
0.2037
0.1969
0.1902
0.1769
0.1703
0.164
0.1517
0.1458
0.135
0.1299
0.1173
0.1138
0.1081
0.1058
0.1061
0.1129
0.1323
0.1486
0.1664
0.2009
0.2175
0.2472
0.2606
0.2833
0.2928
0.3078
0.3134
0.3205
0.3223
0.322
0.32
0.313
0.3079
0.2953
0.2878
0.271
0.2618
0.2522
0.2318
0.2211
0.1998
0.1784
0.1679
0.1481
0.1387
0.1216
0.1137
0.1011
0.1008
0.1144
0.1283
0.162
0.1955
0.2113
0.2397
0.2526
0.2746
0.284
0.2986
0.304
0.3109
0.3124
0.3117
0.3096
0.3021
0.2968
0.1352
0.0884
0.0745
0.0512
0.0427
0.047
0.049
0.0743
0.0896
0.1198
0.1347
0.1625
0.1756
0.1989
0.2093
0.227
0.2343
0.2456
0.2527
0.2547
0.2556
0.2526
0.2497
0.2415
0.2362
0.224
0.2171
0.2022
0.1942
0.1778
0.1695
0.1532
0.1452
0.1231
0.1163
0.1047
0.0997
0.0915
0.0896
0.1182
0.1254
0.1835
0.2475
0.2776
0.3313
0.3773
0.3969
0.4138
0.4409
0.4512
0.464
0.4667
0.4651
0.4546
0.4463
0.4244
0.411
0.3806
0.3637
0.3281
0.3094
0.2717
0.2526
0.2158
0.1979
0.1647
0.1492
0.1304
0.1261
0.1323
0.1377
0.1498
0.1564
0.1698
0.1766
0.1898
0.1961
0.2077
0.213
0.2221
0.226
0.2319
0.2341
0.2365
0.2369
0.2359
0.2345
0.2302
0.2273
0.2203
0.2162
0.2071
0.2021
0.2211
0.2283
0.2665
0.3426
0.3641
0.4003
0.4151
0.4371
0.4445
0.4517
0.4496
0.4453
0.4389
0.4205
0.3951
0.3635
0.346
0.3094
0.2702
0.2503
0.2308
0.1918
0.1533
0.135
0.1177
0.0853
0.0702
0.0441
0.0328
0.0146
0.0075
-0.0023
-0.0068
-0.0072
-0.0042
-0.001
0.0158
0.1418
0.0766
0.1708
0.2211
0.3124
0.3538
0.4245
0.4546
0.5023
0.521
0.5472
0.5554
0.5614
0.555
0.5474
0.5245
0.5094
0.4924
0.4529
0.4066
0.3818
0.3318
0.3117
0.2955
0.2961
0.2967
0.2965
0.2957
0.2927
0.2906
0.285
0.2816
0.1845
0.2009
0.2251
0.2447
0.3296
0.3738
0.4521
0.4867
0.5171
0.5689
0.59
0.621
0.6383
0.6418
0.6385
0.632
0.6227
0.5959
0.5787
0.5597
0.5158
0.4912
0.4399
0.4131
0.3863
0.3316
0.3039
0.252
0.2271
0.2037
0.1598
0.1393
0.1037
0.0882
0.0746
0.0518
0.0427
0.0294
0.0252
0.0225
0.0219
0.0515
0.0815
0.11
0.1625
0.2668
0.3174
0.3647
0.4523
0.4922
0.5596
0.5877
0.6117
0.6491
0.6626
0.6722
0.6812
0.6807
0.6769
0.6622
0.6773
0.7389
0.7803
0.8171
0.8771
0.9002
0.9297
0.9368
0.9389
0.9299
0.919
0.9043
0.8639
0.8385
0.8107
0.7475
0.7123
0.6763
0.6
0.56
0.5205
0.4407
0.4007
0.3312
0.3292
0.3857
0.4306
0.4739
0.5557
0.5935
0.6281
0.689
0.7151
0.7372
0.7718
0.7843
0.7929
0.8005
0.7995
0.7954
0.7782
0.7783
0.7888
0.8443
0.8726
0.8962
0.9314
0.95
0.95
0.9435
0.9332
0.9018
0.8809
0.8575
0.8025
0.7712
0.7388
0.6688
0.6317
0.5946
0.5188
0.4804
0.4431
0.3698
0.3339
0.3
0.2358
0.2066
0.1984
0.2817
0.3662
0.4491
0.6074
0.6822
0.7528
0.8807
0.9375
0.9882
1.0335
1.1074
1.1362
1.1586
1.1881
1.1955
1.1953
1.1769
1.1614
1.1422
1.0996
1.0909
1.0928
1.1039
1.1044
1.094
1.0692
1.0519
1.0321
1.0096
0.9568
0.9269
0.8958
0.8284
0.7924
0.7565
0.72
0.6831
0.6901
0.7285
0.7767
0.8232
0.9063
0.9425
0.9736
1.0233
1.0419
1.0554
1.0649
1.0717
1.0626
1.0522
1.0383
1.0211
0.2326
0.1798
0.1518
0.158
0.1756
0.1924
0.2224
0.2356
0.2471
0.2573
0.2742
0.2808
0.2894
0.2918
0.2928
0.2914
0.2891
0.2858
0.2764
0.2703
0.2637
0.2563
0.2398
0.2307
0.2215
0.2021
0.1937
0.2001
0.2323
0.2574
0.281
0.3244
0.344
0.3613
0.3906
0.4026
0.4123
0.4261
0.4303
0.4325
0.433
0.4288
0.4242
0.4372
0.4952
0.54
0.6215
0.657
0.6871
0.7131
0.7535
0.7677
0.7775
0.7857
0.7842
0.7791
0.759
0.7441
0.7267
0.684
0.659
0.6327
0.6047
0.5445
0.5125
0.4808
0.4159
0.3832
0.3517
0.3206
0.2603
0.2314
0.2044
0.1786
0.1308
0.109
0.0901
0.0822
0.0907
0.1165
0.1448
0.1731
0.2291
0.2562
0.2815
0.3057
0.3503
0.3705
0.3884
0.4191
0.4318
0.4421
0.4506
0.4572
0.4649
0.4659
0.465
0.4581
0.4521
0.4446
0.4357
0.4139
0.4064
0.4159
0.4193
0.4522
0.4695
0.4842
0.4969
0.5157
0.5218
0.5255
0.527
0.524
0.5194
0.513
0.4949
0.4834
0.4707
0.4566
0.425
0.4076
0.3899
0.3716
0.2741
0.2337
0.2138
0.1951
0.1769
0.1424
0.1263
0.1116
0.0978
0.085
0.0626
0.0529
0.0446
0.0315
0.0319
0.0747
0.0853
0.0926
0.1179
0.1472
0.2044
0.2318
0.2569
0.2805
0.3027
0.3594
0.375
0.3873
0.3975
0.4056
0.4159
0.418
0.4181
0.4163
0.4073
0.4003
0.3919
0.3821
0.3585
0.345
0.3309
0.3161
0.3006
0.2682
0.2514
0.235
0.2186
0.186
0.1701
0.1549
0.1262
0.1127
0.1004
0.0889
0.0684
0.0594
0.0517
0.045
0.0392
0.0304
0.0275
0.0257
0.0246
0.0254
0.027
0.0294
0.0362
0.7914
0.8571
0.9804
1.0371
1.0894
1.1805
1.2187
1.251
1.2999
1.3166
1.3278
1.3341
1.3327
1.3252
1.3137
1.2982
1.256
1.2295
1.2005
1.1686
1.134
1.0576
1.0162
0.974
0.8859
0.8403
0.7954
0.7052
0.6596
0.5735
0.5322
0.4934
0.4199
0.3852
0.3532
0.2946
0.2679
0.244
0.2221
0.1841
0.1679
0.1431
0.1339
0.1269
0.1217
0.1163
0.116
0.1199
0.1238
0.1348
0.1418
0.1577
0.1665
0.1755
0.1944
0.2041
0.2227
0.2317
0.2479
0.2552
0.2618
0.2732
0.278
0.282
0.2878
0.2896
0.2906
0.2904
0.2892
0.2847
0.2814
0.2776
0.2681
0.2625
0.2566
0.2434
0.2362
0.229
0.2137
0.2057
0.1979
0.1821
0.1743
0.1667
0.1519
0.1448
0.1319
0.1261
0.1207
0.1112
0.107
0.1033
0.0972
0.0948
0.0914
0.0904
0.0898
0.0898
0.0904
0.0926
0.0941
0.0979
0.1001
0.1025
0.1077
0.1105
0.1161
0.119
0.1244
0.1271
0.1319
0.1341
0.138
0.1396
0.1423
0.1433
0.1441
0.145
0.1452
0.1449
0.1444
0.143
0.1409
0.1396
0.1367
0.1351
0.1318
0.13
0.1264
0.1246
0.1211
0.1193
0.1161
0.1145
0.1117
0.1093
0.1083
0.1073
0.111
0.1651
0.2235
0.3961
0.5081
0.7797
0.1165
0.0257
0.0035
-0.0431
-0.0931
-0.1184
-0.1674
-0.2144
-0.2365
-0.2762
-0.294
-0.3243
-0.3479
-0.3567
-0.3634
-0.3713
-0.3718
-0.3691
-0.3583
-0.3502
-0.3294
-0.3024
-0.287
-0.2535
-0.2353
-0.1977
-0.1781
-0.1392
-0.1195
-0.0799
-0.0599
0.0959
0.0942
0.1296
0.133
0.1132
0.1294
0.1577
0.1793
0.1872
0.1972
0.1996
0.1996
0.1973
0.189
0.176
0.1592
0.1497
0.1295
0.1188
0.0975
0.076
0.0553
0.0456
0.0277
0.0195
0.0055
-0.0056
-0.0033
0.0386
0.0763
0.1581
0.1978
0.2704
0.3039
0.3612
0.3859
0.4251
0.4402
0.4608
0.4666
0.4696
0.4671
0.462
0.4451
0.4333
0.4048
0.3697
0.3503
0.3304
0.288
0.2658
0.2221
0.2005
0.1598
0.142
0.1427
0.1765
0.2559
0.2952
0.3321
0.4014
0.4334
0.4879
0.511
0.5469
0.5603
0.5771
0.5812
0.6192
0.7593
0.8431
0.9209
1.0583
1.1174
1.212
1.2774
1.2986
1.3126
1.3226
1.3192
1.2962
1.2771
1.2265
1.195
1.1229
1.0822
1.0089
1.0159
1.0868
1.1344
1.2158
1.2496
1.2996
1.3165
1.3331
1.3336
1.3198
1.3059
1.2669
1.3917
1.4162
1.519
1.7126
1.8
1.8796
2.0149
2.1178
2.1568
2.2091
2.2238
2.2313
2.2251
2.1947
2.1415
2.1072
2.0254
1.9779
1.8827
1.8499
1.8495
1.8738
1.9117
1.9238
1.932
1.9286
1.9104
1.8957
1.8532
1.8254
1.7594
1.7209
1.6367
1.5903
1.4931
1.4568
1.4419
1.4635
1.5072
1.5246
1.5465
1.5514
1.5489
1.5418
1.5166
1.4771
1.4524
1.3947
1.3616
1.29
1.2511
1.1699
1.1271
1.0415
1.012
1.0075
1.0592
1.0973
1.1634
1.1914
1.2336
1.2484
1.2586
1.2675
1.2662
1.2519
1.2391
0.6676
0.5659
0.5136
0.4622
0.3591
0.3084
0.2138
0.169
0.0871
0.0492
-0.0169
-0.0462
-0.0721
-0.1166
-0.1352
-0.1507
-0.1746
-0.1829
0.3003
0.1906
0.1055
0.0247
0.0867
0.1527
0.2851
0.3505
0.4769
0.5376
0.6492
0.7005
0.7474
0.8314
0.8685
0.9278
0.9512
0.9841
0.9943
1.0002
1.0009
0.9958
0.9872
0.9604
0.9423
0.9218
0.8732
0.8453
0.8162
0.7529
0.719
0.6849
0.6499
0.5781
0.5417
0.5064
0.4365
0.4021
0.3695
0.3378
0.2773
0.2487
0.2223
0.1973
0.1514
0.1307
0.1121
0.0799
0.0661
0.0546
0.0446
0.0295
0.0243
0.0208
0.0187
0.0186
0.0205
0.0236
0.0277
0.0389
0.0458
0.0533
0.0702
0.0794
0.0888
-0.1159
-0.1413
-0.1521
-0.155
0.1926
0.2147
0.2362
0.2573
0.2983
0.3178
0.3359
0.3529
0.3843
0.3986
0.4113
0.4229
0.4424
0.4503
0.4565
0.4614
0.4649
0.4681
0.4677
0.466
0.463
0.4534
0.4469
0.4394
0.4309
0.4112
0.4001
0.3885
0.3763
0.3501
0.3364
0.3227
0.3089
0.2949
0.2668
0.2528
0.2393
0.2261
0.2007
0.1885
0.1771
0.1663
0.156
0.137
0.1284
0.1208
0.1138
0.1019
0.0969
0.093
-0.1128
-0.1925
-0.0141
-0.0656
-0.1176
-0.2113
-0.2526
-0.2888
-0.3211
-0.3496
-0.3958
-0.4138
-0.4277
-0.4383
-0.4457
-0.4511
-0.4492
-0.4444
-0.4369
-0.4242
-0.4556
-0.5226
-0.5869
-0.7007
-0.7498
-0.792
-0.8285
-0.885
-0.9049
-0.9188
-0.9354
-0.94
-0.9396
-0.9347
-0.9254
-0.912
-0.8735
-0.8487
-0.8213
-0.7909
-0.7579
-0.6847
-0.645
-0.605
-0.5638
-0.5968
-0.6816
-0.766
-0.8462
-0.9916
-1.0558
-1.1135
-1.2105
-1.2493
-1.2805
-1.3328
-1.3492
-1.9983
-2.0033
-1.9838
-1.9616
-1.9326
-1.8975
-1.8111
-1.7601
-1.7211
-1.7069
-1.728
-1.7691
-1.8375
-1.8622
-1.8893
-1.8924
-1.8887
-1.8631
-1.8415
-1.7829
-1.746
-1.7052
-1.611
-1.5577
-1.5024
-1.3828
-1.3187
-1.1898
-1.1239
-1.0276
-1.0036
-0.9793
-0.9668
-0.939
-0.9235
-0.9071
-0.871
-0.8512
-0.8095
-0.7874
-0.7419
-0.7182
-0.6703
-0.6457
-0.6214
-0.5873
-0.5955
-0.6366
-0.656
-0.673
-0.7009
-0.7116
-0.7247
-0.7272
-0.7271
-0.7196
-0.7121
-0.6904
-0.6761
-0.6418
-0.6218
-0.6088
-0.5906
-0.5866
-0.5749
-0.5664
-0.5443
-0.5152
-0.4985
-0.4806
-0.4408
-0.419
-0.3967
-0.3494
-0.3245
-0.2752
-0.2504
-0.2025
-0.1791
-0.1352
-0.1144
-0.0949
-0.0579
-0.0405
-0.0094
0.0045
0.0172
0.0394
0.0492
0.0649
0.0758
0.0767
0.0767
0.0737
0.0712
0.0648
0.0609
0.0524
0.0478
0.0432
0.0339
0.0292
0.0206
0.0167
0.0099
0.007
0.0047
0.0011
0
-0.0008
-0.0004
0.0017
0.0035
0.0058
0.0115
0.015
0.0254
-0.0868
0.0859
0.1105
0.1698
0.1974
0.2227
0.2687
0.2892
0.3231
0.3373
0.3492
0.3677
0.3744
0.3819
0.3829
0.3798
0.3757
0.3702
0.355
0.3455
0.3351
0.3113
0.298
0.2706
0.2564
0.2421
0.2132
0.1986
0.1708
0.1575
0.1449
0.121
0.1099
0.0905
0.0821
0.0748
0.0625
0.0576
0.0536
0.0482
0.0467
0.046
0.0468
0.0483
0.0504
0.0847
0.1612
0.173
0.2419
0.3103
0.376
0.4975
0.553
0.603
0.6899
0.7265
0.7569
0.8035
0.8198
0.8372
0.7817
0.7788
0.7672
0.7576
0.7454
0.7134
0.6937
0.6494
0.6246
0.5989
0.5439
0.5148
0.4568
0.4276
0.3715
0.3441
0.2931
0.2691
0.2469
0.2055
0.1865
0.2871
0.3779
0.5278
0.8866
1.0653
1.41
1.5745
1.8843
2.0287
2.1658
2.417
2.5305
2.7323
2.8201
2.8991
3.0292
3.08
3.1523
3.1742
3.1865
3.1864
3.1749
3.13
3.0974
3.059
2.9643
2.9083
2.7848
2.7166
2.6496
2.5033
2.4243
2.2633
2.1799
2.0128
1.928
1.8445
1.676
1.591
1.4614
1.4432
1.4202
1.498
1.5527
1.6337
1.8372
1.9351
2.029
2.2015
2.279
2.3503
2.4728
2.5237
2.6039
2.6338
2.6562
2.6829
2.6874
2.6857
2.6658
2.6475
2.5962
2.5631
2.4847
2.4391
2.3907
2.2828
2.2234
2.101
2.0364
1.9049
1.837
1.7025
1.6344
1.5022
1.4367
1.3732
1.2471
1.1844
1.0674
1.0114
0.9083
0.8599
0.8168
0.766
0.7754
0.829
0.8745
0.919
1.0036
1.0432
1.0797
1.1447
1.1729
1.2174
1.2341
1.2469
1.2625
1.2651
1.2597
1.2518
1.2264
1.209
1.1891
1.1408
1.1127
1.0517
1.0185
0.9962
1.0066
1.0364
1.1177
1.1563
1.2186
1.2429
1.2619
1.2866
1.2924
1.2901
1.2824
1.2707
1.236
1.2131
1.1589
1.1275
1.0942
1.0208
0.9809
0.8998
0.8578
0.7748
0.7331
0.6533
0.6145
0.5771
0.5045
0.4695
0.4055
0.3761
0.3242
0.3013
0.2807
0.2557
0.4379
0.6123
0.7829
0.9415
1.0147
1.1448
1.2018
1.2523
1.3364
1.3982
0.9003
0.7077
0.6052
0.3928
0.2842
0.0668
-0.0407
-0.2511
-0.3534
-0.5494
-0.6425
-0.8153
-0.8946
-1.037
-1.1006
-1.2083
-1.2467
-1.2686
-1.2477
-1.1602
-1.1065
-0.9941
-0.9353
-0.8168
-0.7562
-0.6369
-0.5775
-0.4633
-0.4075
-0.3025
-0.2523
-0.2048
-0.1142
-0.0711
0.0066
0.042
0.104
0.1313
0.1556
0.1977
0.2156
0.2434
0.2538
0.2674
0.2709
0.2725
0.2704
0.2669
0.2557
0.2481
0.2299
0.2193
0.1968
0.1847
0.1618
0.1633
0.1936
0.2207
0.2591
0.3321
0.3662
0.397
0.4522
0.4764
0.4974
0.5321
0.5459
0.5644
0.5697
0.5721
0.5697
0.5649
0.5489
0.5378
0.5109
0.4951
0.4883
0.5075
0.5335
0.5795
0.6164
0.6306
0.6416
0.6558
0.6591
0.6577
0.6532
0.6464
0.6263
0.6131
0.5982
0.5635
0.5438
0.5146
0.5145
0.5225
0.5251
0.5263
0.5246
0.5218
0.5177
0.5059
0.4982
0.48
0.4694
0.4465
0.4339
0.421
0.4151
0.4568
0.4787
0.4984
0.5327
0.547
0.5682
0.5754
0.5801
0.5832
0.5816
0.5723
0.5647
0.5553
0.5316
0.5174
0.502
0.4677
0.4488
0.4296
0.3891
0.368
0.3267
0.3062
0.2867
0.2682
0.271
0.2842
0.3103
0.3228
0.3444
0.3536
0.3617
0.3746
0.3795
0.3831
0.387
0.3872
0.3863
0.3812
0.3771
0.3825
0.4146
0.4399
0.4846
0.5037
0.5199
0.5449
0.5538
0.5599
0.5647
0.5636
0.5601
0.5466
0.5367
0.525
0.4965
0.4799
0.4623
0.4238
0.4031
0.3821
0.3386
0.3163
0.2733
0.2524
0.2325
0.3877
0.4409
0.4659
0.4892
0.5321
0.5515
0.5705
0.6311
0.6639
0.7266
0.7534
0.7758
0.8106
0.8228
0.8312
0.8377
0.8359
0.8308
0.8226
0.7974
0.7806
0.7616
0.7168
0.6912
0.6646
0.6071
0.5763
0.515
0.4841
0.4539
0.3942
0.3646
0.3366
0.2824
0.2565
0.2325
0.1878
0.1672
0.1486
0.1154
0.101
0.0885
0.0775
0.0601
0.0558
-0.107
0.0743
0.1017
0.1534
0.1783
0.202
0.2474
0.2688
0.2883
0.3246
0.3411
0.3558
0.3814
0.392
0.4081
0.4136
0.4174
0.4205
0.4197
0.4175
0.4159
0.4196
0.4258
0.4444
0.4517
0.4571
0.4627
0.463
0.4585
0.4539
0.4478
0.4314
0.4213
0.4103
0.3982
0.3713
0.3565
0.3264
0.3108
0.2954
0.2642
0.2485
0.2334
0.2038
0.1894
0.1758
0.1502
0.1383
0.1173
0.1081
0.1
0.0902
0.0923
0.0978
0.1206
0.133
0.1571
0.1689
0.18
0.2014
0.2115
0.2291
0.2368
0.2435
0.2495
0.2589
0.2625
0.2666
0.2673
0.2672
0.2662
0.2619
0.2586
0.2501
0.2449
0.2393
0.2265
0.2195
0.2123
0.2183
0.2232
0.251
0.3072
0.3337
0.3574
0.3995
0.4176
0.4329
0.457
0.4723
0.4764
0.4778
0.4753
0.4641
0.4557
0.4454
0.407
0.3807
0.3537
0.2983
0.2702
0.2429
0.1889
0.1626
0.1147
0.0927
0.0728
0.0541
0.0212
0.0071
-0.0052
-0.0248
-0.0322
-0.0415
-0.0437
-0.0441
-0.0407
-0.0369
-0.0979
0.0357
0.0462
0.1129
0.1455
0.2046
0.2316
0.2563
0.3004
0.3199
0.3523
0.3655
0.385
0.3917
0.3984
0.3987
0.3936
0.3883
0.373
-0.0263
-0.0579
-0.1145
-0.1403
-0.1789
-0.1893
-0.1933
-0.1858
-0.1776
-0.1582
-0.147
-0.123
-0.11
-0.0833
-0.0694
-0.042
-0.0282
-0.0018
